nep4 2 C H 
cutoff 8 4 7 7
n_max 4 4
basis_size 8 8
l_max 4 2 0
ANN 30 0
  2.3162462e-01
 -1.6370234e-01
  7.2691038e-02
 -4.4938150e-01
  7.6843672e-02
  5.2264708e-01
  2.4922745e+00
  1.5679059e+00
 -1.8165643e+00
 -9.6220893e-01
  2.4192548e-01
  2.1589108e+00
 -5.1301157e-01
  5.5352271e-01
  1.7114749e+00
 -2.2603467e+00
 -3.1427890e-01
 -2.4690342e+00
  9.8241454e-01
  1.6091002e+00
  1.0384183e+00
 -6.2564835e-03
 -8.8339573e-01
 -1.4809035e-01
  1.0169595e+00
 -1.2867538e+00
 -2.9138005e+00
 -3.3374965e-02
 -1.0053588e+00
 -1.5108626e-01
  1.0025785e+00
  8.6582042e-03
 -5.5759348e-02
 -3.1740379e-01
  7.9156354e-02
 -1.0415993e-02
  1.8506147e-02
  5.7972882e-02
 -8.1771445e-03
 -4.4589721e-02
 -1.9179349e-03
  4.4717919e-05
  1.9114723e-02
 -5.0150473e-02
  5.8085513e-03
  8.8254754e-03
 -1.7535891e-03
  3.6235470e-02
 -4.8045322e-02
 -5.3174575e-03
  1.4376398e-03
 -1.7867421e-01
 -3.3026453e-02
  3.1349081e-01
 -1.3588081e-02
 -1.7146438e-02
  1.0759585e-02
  1.0825959e-02
  3.4262319e-03
 -1.2611672e-03
  1.6893817e+00
  7.3099464e-02
  3.9438289e-03
  7.4208498e-02
 -2.5371283e-01
 -3.1395845e-02
 -2.2680314e-02
 -3.6106329e-02
  1.1816565e-02
  1.0272794e+00
 -3.3443831e-02
 -5.3755060e-02
 -1.1207906e+00
  8.0059513e-02
  4.1197605e-02
 -3.9754920e-02
  3.0657094e-02
 -3.1499151e-02
 -2.4054043e-02
 -9.9375769e-03
  3.8458012e-02
 -2.7790660e-02
 -3.5863567e-02
 -1.5578647e-02
  2.9878314e-03
 -2.0712312e-02
  5.6463033e-03
  6.6397134e-03
 -5.3254706e-03
 -8.3035268e-03
  1.2314515e-02
 -1.4301234e-02
 -1.2571595e-02
 -2.7421232e-02
 -4.9490815e-01
 -7.8965157e-01
 -1.3950202e-02
  2.3692619e-02
 -9.8355748e-03
 -1.0364935e-02
  2.1526401e-03
 -8.6811259e-03
  4.6354439e-03
  1.3428658e-02
 -9.2553832e-03
  4.9459594e-03
 -3.5250202e-02
  4.3767683e-02
 -3.4872061e-03
  1.9489523e-02
 -6.5296730e-03
  7.2914921e-02
 -5.0340369e-03
  1.0148160e-02
 -5.0160340e-03
  1.4891977e-02
  1.2819190e-04
  1.1041729e-01
 -7.7343704e-03
 -1.9227542e-03
 -2.5845119e-01
  5.6806412e-02
  6.2260598e-01
 -2.9009292e-01
 -2.5461203e-01
 -2.0716108e-01
  1.1325791e-01
 -5.5953551e-02
  7.6986961e-02
  2.0425773e-01
 -5.8040380e-01
 -9.0876400e-01
  1.0063456e+00
 -6.1592305e-01
 -1.4405328e-02
 -6.6675153e-03
  6.9371045e-01
 -2.0372617e-01
  2.3758134e-01
  3.6551241e-02
  2.0353073e-01
 -4.8902702e-01
  4.3189177e-01
 -3.3515647e-02
 -1.3829035e-01
 -5.6271982e-01
 -9.0957573e-03
  4.0052267e-04
 -7.1929634e-01
  2.5058877e-01
 -6.1363010e-03
 -5.1855198e-03
 -7.8779906e-02
 -3.1305056e-02
 -3.5727525e-01
  7.3921885e-03
 -1.8402215e-02
 -3.3817766e-03
  3.0831345e-03
 -1.3835628e-02
  1.9036120e-02
  2.8723206e-02
  2.0908877e-02
 -4.1824817e-03
 -1.1698646e-04
 -2.6507394e-02
  1.6694810e-02
  5.2325495e-02
  5.6767035e-03
 -2.4210107e-02
  8.6120572e-03
 -6.7178286e-03
 -4.6774667e-02
  2.0352498e-02
  1.3022052e-02
 -2.4530153e-01
 -1.7298471e-02
  1.2763109e-02
  3.6527663e-02
 -2.2659335e-02
  9.3155280e-03
 -6.8526119e-02
  6.6994101e-02
 -1.3508749e-01
 -2.9854551e-01
 -9.4267819e-04
  7.9542935e-02
 -1.2867969e-02
  2.6979418e-03
 -3.3064845e-03
 -1.4968775e-04
 -2.4858780e-02
  3.4542374e-02
 -1.6329110e-02
 -1.3912011e-02
 -4.3825306e-02
  5.1574185e-03
 -1.7623750e-02
 -2.2652252e-02
  1.8146755e-02
  1.4484453e-01
 -2.8941929e-03
 -7.3294705e-03
  2.7632525e-02
 -2.4026323e-02
  1.0677932e-02
 -1.8578447e-02
  1.4284064e-01
  2.0775829e-02
 -3.6809295e-03
  7.7873307e-01
 -1.3045181e+00
  4.2420983e-01
 -4.9385300e-01
  5.6903988e-01
  8.1513673e-02
 -1.8552655e-02
  4.3408933e+00
 -2.7315270e-02
 -2.0239191e+00
 -1.8296481e+00
  8.8282663e-01
 -7.6128304e-01
 -2.0712163e+00
 -4.0948224e-01
 -1.3787445e+00
  2.7337844e+00
 -4.6818671e-01
 -3.6265337e+00
 -2.5994360e-01
  2.7741434e-02
 -2.6607571e+00
 -2.0663509e+00
 -1.5514487e+00
 -3.6394002e+00
  3.2462114e-01
  1.2287863e-02
  1.1628709e+00
 -2.7913228e-03
  2.2345231e+00
  1.6879156e-01
  1.6392849e-02
 -5.4200139e-02
  3.8201302e-01
 -1.1691918e-01
 -1.1144810e-02
 -2.5622063e+00
 -6.8888044e-01
 -4.3158170e-02
 -1.4359771e+00
 -3.5882664e-01
 -2.4629204e+00
  1.2519296e+00
 -2.4001443e+00
 -1.4006974e-01
 -1.2917106e+00
  4.0423882e-01
  6.9236815e-01
  2.8235686e-01
 -1.1602609e+00
 -5.9474867e-02
 -3.1308019e-01
 -2.7311540e-01
 -1.0157886e+00
 -1.8580468e+00
  3.1907830e-02
  5.4491484e-01
  1.7395993e-01
 -7.5625980e-01
 -1.2985868e+00
  1.8600684e+00
  6.8251973e-01
  2.0869844e+00
  1.5757738e+00
  6.2508136e-01
 -1.1357050e-02
  4.5049796e-03
 -2.5821850e-03
 -1.3901576e-02
 -5.9016459e-03
  2.6732443e-02
  3.1893760e-02
  7.0395663e-02
 -8.3679967e-03
 -2.4888995e-01
 -1.1409047e+00
  1.2961096e-03
 -2.1152477e+00
  2.9646386e-03
 -7.1512382e-03
 -3.1709881e-03
  1.1351539e+00
 -9.3932718e-01
  3.1364766e-01
 -1.3522883e-01
  1.9703845e-02
  1.8734241e-02
  7.7497917e-01
  1.5167262e-01
 -1.8265788e-02
 -2.0494360e-01
 -4.1257944e-02
  3.6895350e-03
  1.7551214e-02
 -5.6987491e-02
 -8.3072819e-03
  7.0360834e-03
 -8.1493156e-03
  8.5428488e-03
  2.1389766e-02
  7.9427678e-03
  2.4683531e-03
 -7.9397205e-04
  1.7859083e-02
 -8.1875011e-02
  1.7400797e-02
 -3.8351496e-03
 -9.2170741e-03
 -1.0095457e-02
  2.1911455e-02
  1.5340140e-03
  4.5775849e-02
 -1.9930590e-02
 -6.0439110e-05
 -1.7443217e-02
 -3.3490539e-02
  2.3514587e-02
  3.9755054e-02
 -3.7921004e-02
  2.5294110e-02
 -1.5046819e-01
  1.1475746e-01
 -2.6895430e-02
  8.4345412e-01
  9.8211646e-02
 -2.0117391e-02
  3.7778597e-03
  1.3850543e-01
  6.3082874e-02
  2.0590672e-02
 -4.1258313e-02
 -6.2174492e-02
 -2.6208399e-02
 -2.6111180e-02
 -5.2772313e-02
  1.2218170e-02
  2.4932185e-01
  1.4257190e-01
 -1.3785383e-01
  2.2214707e-02
  2.9602369e-02
 -3.0161512e-01
 -1.4183921e-02
 -7.2649792e-03
 -9.7768486e-02
 -1.5371720e-02
 -5.5595126e-02
  1.2647349e-01
  2.7053549e-03
 -6.5941818e-02
 -9.3871899e-02
  1.0304645e-02
  1.2117182e-03
 -1.3236757e-01
  2.6638323e-01
 -1.1857033e-02
  3.0662581e-02
  2.6724616e-04
 -1.1509985e-03
  1.6088407e-02
  2.1418869e-02
  1.1674454e-03
 -4.4773179e-03
  2.2628848e-02
 -2.4368944e-02
  2.8317304e-02
 -1.4411232e-02
 -1.8396908e-01
 -1.0903221e-02
  8.6914748e-03
 -1.3093002e-01
 -7.6517062e-03
  6.9725651e-01
 -3.5886921e-02
  2.5315765e-02
 -4.1962462e-03
  5.8383290e-03
  1.1911246e-02
 -1.0600703e-02
 -7.7118501e-03
 -2.7629416e-02
  6.2879093e-04
  9.5476536e-03
  1.2078704e-02
 -3.4068713e-01
  1.5317556e-03
  9.6118255e-03
 -6.0504396e-03
  4.2594165e-02
  2.1968238e-02
 -1.2648571e-03
  1.5852286e-02
 -2.3294517e-03
 -1.7692421e-01
 -1.3829185e-02
 -1.4331362e-02
 -8.2061253e-03
 -1.6584564e-02
 -3.7423287e-02
  7.0837945e-02
  1.8259110e-02
  5.1272038e-02
 -3.3132955e-02
  3.8737688e-02
  6.5326979e-03
  5.3236261e-03
  4.8424862e-04
 -4.3371222e-03
  3.5498142e-03
 -3.5898692e-03
 -2.2048409e+00
  3.9751711e-03
 -1.1747070e-02
  4.3700162e-02
 -1.7716331e-02
  2.8770848e-03
  6.8368604e-03
 -8.4472159e-03
  5.5375914e-03
 -1.0907615e-02
  1.7326349e-02
  7.4515678e-03
  8.1912745e-03
 -7.8953719e-03
  4.0543634e-02
 -3.8386129e-02
 -1.0989533e-02
  1.4672114e-02
 -2.1178674e-02
  8.1166541e-03
  3.9948024e-02
 -5.3793415e-03
  1.1912201e-03
  2.4835565e-03
  1.3907072e-03
 -1.8325693e-04
 -8.6436654e-04
 -4.7589980e-02
 -1.7881747e-02
 -3.7451978e-03
  1.0773739e-02
 -1.2614893e+00
  1.2428161e-01
 -6.0553026e-01
 -6.8297130e-01
 -5.2136755e-01
 -3.4627032e-01
  5.5142766e-01
  3.8104258e-02
 -1.0215517e+00
 -1.1014160e+00
  8.7738104e-02
  8.0210608e-01
 -5.3127331e-01
  3.6460545e-02
 -1.4134794e-01
  3.2642949e-02
  3.2368237e-01
  3.0056901e-02
 -1.1042082e-01
 -2.5570410e-01
  4.4598725e-01
  2.9102784e-01
  2.3375854e+00
 -2.0951003e-01
 -3.4265989e-03
 -7.6051876e-03
 -1.3839560e+00
 -1.2662171e+00
  2.6179757e-02
 -2.8167279e-03
 -1.5054129e-03
 -2.4076939e-02
 -1.8969741e-02
 -4.1791570e-01
 -1.4737017e-02
 -5.1687844e-03
 -6.6194415e-02
 -2.5809715e-02
  3.3655930e-02
  1.7288893e-02
 -8.8922912e-04
  1.0700889e-03
  6.1222641e-03
  7.3824869e-03
  3.1771526e-02
  2.3876335e-03
 -5.2166488e-02
 -1.6209616e-01
 -1.6039636e-02
  3.4047529e-02
  5.7047112e-03
 -1.4894805e-02
  1.9690942e-03
 -4.0359739e-02
  2.3044180e-03
 -2.1460716e-02
 -7.4862406e-02
 -2.5282212e-02
  4.0744105e-03
 -4.2665098e-02
  2.4435259e-02
 -1.0965740e-02
  1.8220332e-02
  4.7335246e-01
  1.3894928e-02
  7.8688934e-04
  5.7938207e-02
 -1.0931088e-02
 -2.4090450e-02
 -1.6657392e-02
  4.5915050e-03
 -8.6381882e-03
 -1.8884471e-02
 -9.8022353e-03
  4.7345958e-03
  6.5906763e-02
 -2.6558761e-02
 -1.8097954e-03
  4.5814621e-03
 -2.2958742e-02
  1.1099711e-02
  3.2224115e-02
  3.9529033e-02
 -3.4841744e-03
  1.8489592e-02
 -1.9013364e-02
  3.9092615e-02
  1.0253407e-02
 -1.4591636e-02
 -1.7961692e-03
  2.2209017e-02
  1.6027816e-02
  8.1217550e-02
  2.7711022e-01
  1.0816226e-02
  2.1649517e-02
 -4.1320557e-03
 -8.7509798e-03
  2.0783694e-02
 -5.9623113e-03
 -4.5490456e-03
 -1.1548043e-02
 -7.3145488e-03
  1.0364077e-01
  2.9328107e-03
 -3.7491033e-03
  7.9203807e-02
  2.0270951e-02
  6.2512048e-04
 -1.4304672e-01
  7.1700960e-02
  5.1679406e-02
  5.7643265e-02
 -6.3667074e-03
 -2.9604387e-02
  3.1714655e-02
 -3.8134791e-02
 -5.2034877e-02
 -1.2907918e-02
 -3.0493158e-01
 -1.0450896e+00
  2.5231385e+00
 -8.2768923e-01
 -1.6895737e-01
 -1.4146216e-01
 -3.3741543e-01
 -2.5787425e+00
 -2.8386895e-02
 -2.8437501e-01
 -2.3080549e-01
 -5.7715660e-01
 -1.5941939e+00
  4.1296840e-02
 -3.8375950e-01
  3.7336648e-01
  4.6717125e-01
  3.5974611e-02
  3.5099211e-01
  3.2054131e+00
  1.9959672e-01
  1.6389304e-01
  1.4288223e+00
  9.4229591e-01
 -1.2384347e-01
 -8.3254762e-02
  1.9373933e-02
  1.5759860e+00
  3.4472752e-02
 -8.2939517e-01
  1.4842884e-01
 -1.2288450e-01
 -1.1362535e-01
 -1.2231000e-01
 -1.4228579e-01
  1.2771953e-03
 -1.5774377e-02
  1.8941008e-02
  7.9751648e-02
 -1.0719941e-02
 -4.1457114e-01
  2.2588680e-03
  2.4136696e-03
 -8.1235625e-02
  2.8192697e-02
  2.5705080e-02
  1.5028773e-01
 -2.4274193e-02
 -3.9756373e-02
 -4.3768454e-03
 -6.5390891e-03
 -1.8657681e-02
 -3.8935680e-02
 -2.0604584e-02
 -1.7074697e-02
 -8.2402257e-05
 -4.7072377e-03
 -2.8650505e-03
  1.7152529e-02
 -1.2847172e-02
 -1.0013507e-01
 -1.7033266e+00
 -2.3648424e+00
  1.8433182e-01
  5.4030526e-02
 -1.6462866e-02
  6.6558318e-03
 -1.1749925e-02
 -2.1694640e-02
  3.2385969e-01
  3.1083453e-02
 -6.2067449e-01
  1.7623874e+00
  9.9442810e-01
  1.3117126e-01
 -2.2552921e-01
 -2.4845829e-02
 -8.4115440e-01
  2.2528738e-02
  6.7842293e-01
 -6.5560922e-02
 -1.8379141e-01
  3.5715513e-02
 -1.0252005e-02
 -6.7132241e-01
 -2.6816856e-02
  3.7787352e-02
  1.5965933e-01
 -2.9265646e-02
 -1.0136110e-01
 -3.3013037e-01
  3.9346263e+00
  3.3466080e-01
  4.0349132e-01
  2.6904526e-01
 -2.4954602e-03
  5.5790409e-02
  1.4719227e-02
  2.5407771e-02
  2.1800388e-01
  2.6274315e-01
 -2.8293994e-01
  8.2019597e-01
  1.2709683e-01
  3.0185360e-01
  5.7756221e-03
  5.9131080e-01
 -4.3812141e+00
 -4.4059120e-02
  1.6933760e-01
  4.4048262e-01
 -1.0431305e-01
  1.0227393e+00
  2.8401506e-01
  1.0461211e+00
 -3.8570333e-03
 -2.8288055e-02
 -1.9710766e-01
  9.0363845e-03
  1.5967293e-02
 -9.4421871e-02
 -1.8699283e-02
  1.4492979e-02
  9.3330266e-03
  1.5490463e-01
  1.2369094e-02
  2.0571999e-02
 -8.0089164e-01
 -2.9249978e-03
  1.6189236e-02
  9.2087314e-03
  5.7876758e-02
  3.3927817e-02
 -2.6425304e-02
 -1.7858341e-02
 -1.7887430e-02
 -1.4575904e-02
 -1.3155505e-02
  4.7012530e-02
 -5.6175953e-03
  9.2609042e-01
  1.2378844e-01
 -2.2722479e-02
  3.0348089e-02
  1.3398958e-02
  1.8170286e-02
  4.0273953e-02
  1.6695794e-02
 -4.0502981e-03
  3.7343815e-02
 -1.0682591e-02
  1.5180191e-02
 -3.0786730e-02
  4.1255029e-04
  1.8092170e-03
 -5.2078157e-03
  5.0523248e-02
  1.8212663e-02
  5.2123955e-03
  5.8678584e-03
 -9.1958968e-03
  1.1437898e-02
 -2.7134409e-03
 -6.7024708e-02
  4.4033052e-03
 -3.4811229e-02
  2.2193994e-03
 -5.9319559e-02
  3.7297338e-02
  1.9553116e-02
 -1.8303204e-02
 -4.8444655e-02
 -2.4315871e-02
  9.3420548e-03
 -6.4775303e-02
 -1.8767379e-02
  6.1865125e-02
 -5.0481427e-03
  2.6325332e-02
 -7.4225431e-04
 -8.1948824e-02
  4.4415781e-01
 -3.2482517e-01
  1.4610283e-02
 -2.5349775e-01
  1.0573251e-02
  2.0070155e+00
  1.1679373e+00
  6.7911810e-01
  1.0160728e+00
 -5.8943248e-01
  1.8193305e-01
 -5.3108484e-01
  9.1576010e-01
 -6.6043228e-01
  6.9235909e-01
  6.8008631e-01
  5.2775317e-01
  1.2860262e+00
 -7.9448301e-01
 -6.8292004e-01
 -6.2399411e-01
 -1.0568105e-01
  9.1188014e-02
 -7.8509355e-01
  1.1588736e-02
  4.1418305e-01
  5.0698322e-01
  2.4947369e+00
 -7.0041198e-01
 -1.2979126e+00
  3.5775018e-01
 -6.0116500e-02
 -3.3142239e-02
 -8.4246732e-02
 -1.1463442e-02
  1.4567044e-02
 -7.8078373e-03
 -1.1191558e-02
 -3.3895317e-03
 -9.9988975e-02
 -3.6661074e-02
 -7.5257473e-02
 -1.5793879e-02
 -1.9539712e-02
  6.6855540e-03
  2.4294306e-02
  3.2647036e-02
 -9.5279645e-03
  6.3856937e-02
  1.9831218e-02
  1.1752386e-01
  3.7232470e-03
  1.0319497e-03
  1.5547214e-02
  1.3925753e-02
 -4.7610577e-02
 -6.3106887e-02
 -7.3700808e-03
  7.6997974e-03
  1.6126801e-01
  2.4271340e+00
  5.7255787e-01
 -2.9728451e-01
 -6.5093100e-01
  1.9408382e-01
 -3.3734480e-03
  2.0415459e-02
 -3.1042700e-03
 -2.8056628e-01
  9.4413515e-03
  6.0270164e-02
 -8.5522753e-01
  3.1295378e-02
 -4.6732301e-01
 -1.2899761e-01
 -5.0090498e-01
  3.1485343e-01
  6.7205288e-02
 -1.4543205e-02
  3.6966628e-01
  3.1711933e-01
  7.8127630e-02
 -1.0624157e+00
  6.3199121e-01
  1.3723951e-03
 -1.7236587e-02
 -4.0232441e-03
  2.9706356e-01
  7.4236706e-02
  7.0183527e-01
  7.9128456e-01
  1.9425759e-01
  4.3054178e-01
  2.9684976e-01
  2.4087921e-02
 -9.3100099e-03
 -2.9743491e-02
  2.0737809e-01
  1.3295837e-02
  3.3645011e-02
 -1.4843705e+00
 -3.5083768e-01
  3.6079199e+00
 -2.1170592e-02
 -3.2732856e-01
 -9.2930637e-02
 -3.5397875e-01
 -4.6182245e-01
 -2.9376188e-02
 -5.3123808e-01
  3.9331055e-01
 -6.1687887e-01
 -3.4500176e-01
  4.0500277e-01
  2.5733042e-01
  1.8728297e-02
  1.3530003e-01
 -2.0345896e-02
 -7.5958613e-03
 -5.2787296e-02
 -1.8745542e-03
  7.2685972e-02
  3.9634123e-02
 -1.8263160e-01
  2.1559966e+00
 -3.7320291e-03
 -7.4437022e-02
  1.4510022e-02
  3.1711673e-03
  1.2051703e-02
 -4.0138355e-03
 -1.5476484e-02
  3.6892863e-03
  1.0443709e+00
  7.8612566e-03
  2.3300929e-03
  1.4613757e-02
 -1.5902532e-02
  1.9421691e-02
 -7.9644000e-04
 -3.3859961e-02
 -2.8343979e-01
  5.3081945e-02
  1.2160978e-01
  1.0483558e-03
 -1.7667657e-02
  1.6499922e-02
 -6.3259922e-02
  4.6385531e-03
 -3.8113702e-02
 -1.1936383e-02
 -1.0970525e-02
  4.3458156e-02
 -3.1629613e-01
 -7.8306392e-02
 -1.4104106e-01
  7.8868645e-01
 -1.3465413e+00
 -1.0918330e-01
  7.6952353e-03
 -1.3602802e-01
 -1.0242972e-03
 -3.4875501e-02
 -1.2962796e-02
 -4.2648065e-01
  1.1632204e-02
  2.3197336e-02
  4.1374983e-03
 -1.1151289e+00
  9.0456456e-02
 -2.0367339e+00
  3.2346840e+00
 -1.8366331e-02
 -4.0377397e-04
 -2.7853593e-01
  7.9038821e-02
 -8.5135239e-01
  3.0975449e-01
  2.7984576e-02
  1.1540549e+00
  5.7996136e-01
 -1.8083100e-01
 -9.8433290e-03
  4.5526934e-01
  1.2061550e-01
  9.9109799e-02
 -1.2578807e+00
 -3.4820279e-01
  3.2652608e-01
  1.0756655e-02
  1.6201998e-01
 -6.3980907e-02
  2.1620063e-02
  9.1172727e-03
 -7.3715526e-01
 -3.9169881e-02
 -1.0546092e-01
 -1.1754428e-01
 -1.0075948e-01
  2.8116928e-02
  3.9899990e-02
  7.6781076e-01
  1.2873475e-02
  9.0105701e-03
  3.0780464e-01
 -8.8038021e-01
 -4.3803398e-02
 -6.5730619e-01
 -5.2884303e-02
 -1.2851980e-01
  5.7658893e-01
 -4.4616652e-01
  1.1723073e+00
  6.6155978e-02
  3.8209021e-02
 -5.0676048e-01
 -1.8369693e-01
  1.1245512e-02
 -9.6452087e-02
  6.7663777e-01
  1.2066567e-01
 -1.2843919e-01
  2.7096373e-01
  2.5424576e-01
  3.2052919e-01
  3.2030508e-02
  7.0582251e-03
  6.4098179e-02
  4.3978807e-01
 -1.8811783e-01
 -1.8894096e-01
 -5.9106624e-05
  2.4357830e-01
  8.4261000e-02
  5.3355581e-01
 -1.1269294e+00
  3.1082821e-01
  5.5344213e-02
  3.9029587e-03
 -1.3015569e+00
 -2.0321300e+00
  6.1573535e-01
  5.4887515e-01
 -3.6988199e-01
  9.8328662e-01
  1.3169075e+00
 -9.3888211e-01
 -2.6084945e-02
 -2.6030323e-01
 -7.2145253e-01
 -9.4919461e-01
 -1.6787546e+00
  7.5456046e-02
  1.0069621e+00
  1.7483307e-01
 -6.3543171e-01
 -9.1282320e-01
  2.0127636e-01
  1.1331712e-01
  1.9576018e+00
  3.6907420e-01
  8.4911525e-02
  4.7628694e+00
 -6.6224277e-02
  4.7519305e-03
  1.2111039e+00
 -3.7729034e-01
  1.7147169e-02
 -8.3064586e-01
 -3.6338130e-01
  1.7428797e-02
  7.3554474e-01
  5.6153588e-02
  3.1263116e-01
 -3.0468860e-01
  4.3005147e-04
 -2.6570094e-01
  2.5685960e-02
  4.1542714e-04
 -9.0137541e-01
 -1.9584726e-01
 -2.1355522e-01
 -1.2721306e-01
  6.3120641e-02
 -2.7704227e+00
  3.8094595e-01
  8.7452859e-02
  2.2817263e-01
 -6.7453347e-02
  1.2492876e-01
 -7.7942856e-02
  2.0160851e-01
  8.1015944e-02
 -1.3288404e-01
  4.6230590e-01
  1.8934057e+00
 -1.1247175e-01
 -9.8525479e-02
  4.6069929e-01
  1.9020808e-04
 -7.3247938e-04
  9.8628707e-02
 -3.3875167e-02
  2.3687257e-01
 -3.7877038e-02
  5.3892331e-03
  1.2556025e-01
 -1.7623265e-01
 -1.3065825e-02
  5.4723684e-02
  8.9419354e-03
  3.5087440e-02
 -3.6250782e-01
 -1.0509631e-02
  2.6355915e-02
  2.5405094e-03
 -9.2695951e-03
 -7.6035969e-03
  1.1063474e-03
 -2.7868825e-03
  3.7738860e-02
  3.2976039e-02
 -1.4211416e-01
 -4.4069864e-02
  2.9740145e-03
  2.7399492e-02
  3.5170905e-02
 -1.8931881e-02
  3.6526183e-03
 -7.3427595e-02
  2.8134418e-01
 -5.4404926e-01
 -5.3837798e-03
 -1.3510352e-02
  2.0602129e+00
 -5.3763831e-01
 -1.5969903e+00
  1.3839399e+00
  8.0559713e-01
 -3.4421320e+00
 -6.6490328e-01
 -5.7895285e-01
  2.9372041e+00
  8.8553376e-02
 -1.4913238e+00
  1.0232215e+00
  3.4771338e-01
 -1.3259799e+00
  2.9478779e+00
  3.5876814e-01
 -2.3925188e-01
 -6.8660319e-01
  1.1180078e+00
 -1.2098156e-01
 -4.9474695e-01
 -2.8558949e-01
  9.8527765e-01
  1.1722906e+00
  4.8918934e+00
  1.3963988e-01
  2.5649932e-01
  2.5239654e-02
  2.6079687e-01
  9.4118482e-01
  3.6152893e-01
  1.0640725e-01
  1.0901163e-01
 -3.4235728e-03
 -1.9420287e-02
  1.5158879e-02
  8.0970451e-02
  3.3484110e-01
 -1.4168280e-01
  5.2632675e-02
  3.8912181e-02
  1.3208854e-01
 -4.1805774e-02
  5.0286699e-02
 -5.5833692e-03
  4.9073186e-02
  1.7656960e-01
 -1.1400608e-01
  2.7552402e-01
  4.9722284e-02
 -3.3059180e-02
 -9.7143659e-03
  5.7388179e-02
  1.6328070e-02
 -1.3945876e-01
  3.7713870e-01
  5.6443261e-03
  2.7662742e-01
  1.6333196e-01
  1.1855956e+00
 -7.9635203e-01
 -1.0410866e+00
  6.7937857e-01
  1.7569640e+00
  4.6728438e-01
 -8.3867133e-01
  1.8924521e-01
  2.5244182e-01
  7.4948782e-01
  4.7512257e-01
  8.3484417e-01
  9.8676974e-01
  1.4392570e+00
 -9.7436436e-02
  3.6255655e-01
  4.6477857e-01
  5.5615646e-01
  1.9155176e-01
  4.5371246e-01
  6.1199093e-01
 -4.6016306e-01
 -3.7974197e-02
 -3.5257313e-01
  2.0210721e-01
  4.7305486e-01
 -5.2033925e-01
  3.8452841e-02
  3.9640814e-02
 -3.7199132e-02
  4.4491872e-02
  1.6027585e-02
  2.8801152e-01
  3.4134169e-03
  1.1246888e-01
 -1.7535593e-02
  1.4808845e-02
 -4.3973112e-03
  1.3785160e-01
  2.2376845e-02
  7.6113902e-03
  8.6644413e-03
  8.3322233e-01
 -1.4901472e-02
 -5.6105340e-04
 -2.6510784e-03
  5.5298876e-02
  2.9190471e-03
 -6.2308805e-03
  1.1474798e-02
  1.0442974e-02
 -3.5261393e-02
  1.0587074e-02
 -1.0735380e-02
 -2.0819079e-02
  3.2311630e-02
 -5.5909014e-01
  8.7035894e-03
 -3.3353947e-02
 -1.1068657e-01
  8.5207103e-03
  3.9402340e-02
  3.6180854e-02
  2.2736851e-02
  5.2070506e-02
 -1.9222876e-02
  6.1858203e-03
  1.0589905e-02
 -8.6627968e-02
  2.5436213e-02
  1.4559829e-02
 -3.6838178e-02
  1.6344687e-02
  2.1721013e-02
 -1.3806118e-02
  2.0326301e-04
  1.7181798e-03
 -8.4831109e-03
 -1.4130702e-02
 -1.0897937e-02
 -1.6123232e-02
 -3.2940961e-02
  2.5749002e-03
 -3.0924343e-03
  5.1825486e-02
 -1.3133738e-02
 -1.0289922e-01
  3.0600551e-01
 -2.1492715e-01
  9.2054147e-01
  8.0328768e-01
  4.4156122e-01
  7.9504329e-01
 -7.2594231e-01
  7.9071456e-01
  7.0021071e-02
 -1.3594162e+00
  1.4078103e-02
 -4.4475543e-01
  1.0988853e+00
  9.2834586e-01
 -2.7906897e+00
  4.9098280e-01
  4.1578048e-01
  9.4926214e-01
 -9.9617042e-02
  1.3379624e-01
  2.4272884e-01
  2.1788089e+00
 -7.6964773e-02
 -8.1455183e-01
 -8.1314451e-01
  6.2803775e-02
  1.2619047e-01
  1.1829759e+00
  1.9654135e-01
 -6.8678749e-01
 -3.8058749e-01
  2.4899201e-02
  5.8303201e-01
 -3.9569142e-01
 -1.7003106e-01
 -5.0834870e-01
 -3.7089360e-01
  1.1474727e-02
  3.2184511e-01
  4.8097771e-01
 -3.6454883e-01
 -3.6091980e-01
 -2.8139684e-01
  1.5558344e-01
 -1.7932691e-02
 -2.7153072e-01
  6.2959686e-02
 -1.0572721e+00
 -4.1987529e-01
 -1.2940878e+00
 -1.5798910e-01
  8.8070059e-01
 -5.5050111e-01
 -1.3216568e+00
 -6.1019599e-01
  6.3843057e-03
 -7.5693196e-01
  8.3341604e-01
 -4.5064080e-01
 -1.3510478e-01
  1.1756498e-02
 -1.0327744e-02
 -8.2593061e-02
 -2.5186620e-03
 -3.2753274e-02
  2.2303572e-02
  2.6562667e-01
  4.6408031e-02
  4.5806695e-02
  5.7734232e-03
  5.3731566e-03
  1.1102587e-02
  1.1802558e-01
  1.3437955e-01
 -4.1387156e-02
  6.9979373e-03
  4.2418163e-02
 -2.4473539e-01
 -1.5909178e+00
  3.8082555e-03
  6.6720553e-02
 -6.2474314e-02
 -9.2079304e-03
 -1.6527675e-02
 -8.0826454e-02
  5.7048621e-03
  7.8617260e-02
  8.4717153e-03
  4.0544819e-02
  1.3664845e+00
  1.7795403e-01
 -3.5620165e-01
 -3.0526912e+00
  1.6354941e+00
  3.9271224e-01
 -1.2239817e+00
  5.9597021e-01
  6.7448914e-02
  1.3550227e+00
  1.4287452e+00
  1.4082596e+00
  5.1361740e-01
 -3.7541387e+00
 -2.8145883e+00
 -8.2223380e-01
 -1.8198129e+00
 -2.3532867e+00
 -2.4570706e+00
 -3.2568488e+00
  1.7227520e+00
 -7.2621578e-01
  1.3667258e+00
 -1.8142475e+00
 -5.6890621e+00
 -2.0599712e-01
  7.8112900e-01
 -1.7643130e+00
  1.3119346e-02
 -1.1751769e+00
  9.9049401e-01
 -3.6799059e+00
  8.7625551e-01
 -2.1079304e+00
  1.3440417e-01
  2.2398536e+00
  3.2222029e-03
 -3.9220232e-01
  6.0319986e-02
  1.8620453e+00
  9.9854767e-01
  5.2171721e+00
 -5.8373338e-01
 -4.4280809e-01
 -9.7422624e-01
  1.0342044e+00
 -2.3827928e-01
 -5.4075828e+00
 -5.8174115e-01
  4.4640094e-01
 -1.3357635e+00
  1.7193471e+00
  1.9406741e-02
  1.4148751e+00
  3.6499429e+00
  7.8036517e-01
  2.4797134e-01
 -4.1426696e-02
 -6.7705393e-01
  1.6041803e+00
 -1.8406151e-01
 -5.1715836e-02
 -1.0261946e-02
  1.7453130e-01
 -7.3976442e-02
 -1.9422587e-02
 -2.9923756e-02
  4.3204147e-02
 -2.1958467e-02
 -5.9268199e-02
  1.0074155e-01
 -4.0121496e-02
  1.8851806e+00
 -6.1642494e-02
 -1.3178319e-02
 -2.6977498e-02
  4.2302368e-04
 -1.9865002e-02
  5.7213106e-03
 -5.5034300e-03
 -2.2631366e-02
  9.5619120e-02
 -2.8661307e-02
 -3.6818660e-03
  2.0721355e-02
  3.1123450e-01
 -1.6040726e-02
 -4.9049597e-02
 -3.5720516e-02
  2.8846135e-02
 -2.4309133e-01
  1.7080555e-02
 -1.1029450e-03
  3.5772130e-02
 -2.0989874e-01
  9.4013540e-03
  9.3326131e-03
 -6.7120763e-03
  1.3009951e-02
  1.5257845e-02
 -5.4655962e-02
  3.1131523e-02
 -3.1837467e-02
 -7.6095602e-03
 -6.3647054e-02
 -3.9285026e-03
  1.6427209e+00
 -4.0743757e-02
  2.1453092e-03
 -1.2964903e-01
  2.0274263e-02
  3.3705182e-02
 -3.7588801e-02
  5.2317809e-03
  2.5756722e-03
  2.6307509e-03
 -1.9502513e-02
 -6.9936765e-03
  4.1464224e-02
  9.4829472e-03
 -7.2862643e-01
  1.5703157e+00
 -2.4485750e+00
  1.1346955e+00
 -3.3369872e-01
  1.3516802e-01
 -3.5335790e-02
  9.7935092e-01
  2.5851791e+00
  1.2053313e+00
 -4.5319918e-01
 -3.0093877e+00
 -7.7451162e+00
  3.6907139e+00
  2.5638714e-01
 -9.6668535e-01
  2.7552752e+00
  2.9143456e-01
  1.4654191e+00
 -1.9862672e+00
  2.0335512e-01
  9.0095323e-01
 -1.3568735e+00
  2.1265753e-01
  1.1433805e+00
 -1.8120684e-02
 -3.2745895e-01
  3.2901387e+00
  8.2409137e-01
 -9.4058764e-01
 -4.3733370e-02
 -4.1047879e-03
 -7.3061427e-03
  1.2277110e-02
 -1.0190581e-01
  5.1786546e-03
  1.0901150e-02
 -6.5240100e-02
  1.6386231e-02
 -2.9884001e-02
  6.6775844e-02
 -2.6358178e-02
 -2.1400038e-02
  3.5875317e-02
 -8.8849925e-02
 -4.5234766e-03
  6.4006788e-03
 -6.1493184e-02
  2.0149185e-01
 -6.3590400e-02
 -2.2151554e-03
 -5.6082726e-02
 -5.8666758e-02
  1.9434519e-02
  1.3142174e-01
  1.1481434e-02
 -1.3565705e-02
  6.3735167e-03
  8.6373046e-02
  7.2609656e-03
 -2.8092669e-02
  5.7542133e-01
  2.1680683e-02
  8.7602586e-01
  2.8200665e-02
 -1.9225317e-01
  1.2507144e+00
  1.5197834e-01
 -6.9089949e-02
 -3.0278018e-01
  4.5701545e-01
  6.9479871e-01
  3.4442714e-01
  1.0146550e+00
  3.0176653e-02
  7.6298594e-02
  7.3648953e-01
  5.5273205e-01
  2.7500665e-01
  8.3400846e-01
 -1.3335309e+00
  8.7351516e-02
  1.2502299e-01
  6.5639412e-01
  1.5085835e+00
  1.2822036e+00
 -5.5300713e-02
 -2.6586693e-02
  6.0154939e-01
  7.9572296e-01
  1.2159078e+00
  4.0909186e-01
 -1.2490503e+00
 -1.2486260e+00
 -6.8817258e-02
  2.5279010e-02
 -1.6364672e-03
  4.6973097e-01
 -6.7828402e-02
  4.0546842e-02
  2.9218295e-01
  5.0143594e-01
  2.7118101e+00
 -8.9162707e-01
  8.2027990e-01
  1.0485177e-01
  1.4338763e+00
  2.5497153e-01
 -3.5670206e-01
  1.2306134e-01
  1.1342087e+00
  2.2792149e+00
  1.0249426e+00
 -8.6912918e-01
  1.7513690e+00
  2.0847831e-02
 -3.3332803e-03
  2.9812417e+00
  1.8042153e-02
  6.6955574e-02
  2.4485721e-01
 -5.9286803e-01
 -1.3709509e-01
  1.2802565e-01
 -9.5558852e-01
  1.5225737e+00
  1.3195226e+00
  2.3508033e-01
  1.9584768e-01
  6.2534547e-01
  5.1198465e-01
 -8.3459020e-01
 -6.3197750e-01
 -2.4757048e-01
  1.1669423e-01
 -1.8250327e+00
  7.9792744e-01
  3.1035963e-01
  4.2414519e-01
 -7.1367824e-01
 -3.2244346e-01
 -2.5811746e+00
  3.3638799e+00
  2.0339945e-02
 -2.4852674e-02
 -3.8050511e+00
 -5.0100631e-01
  6.0458064e-01
  1.8466670e-02
  7.2377646e-01
 -2.6853142e-02
 -1.7671053e-01
  1.2666177e-02
 -2.0669670e-01
 -8.6399965e-02
  4.4043902e-03
 -1.7740060e-02
 -1.1257027e+00
  3.3379284e-01
 -1.3460307e-01
 -7.8171119e-02
 -3.2027397e-01
 -2.3408213e-01
  6.5815812e-01
 -1.9543152e-01
  2.3596372e-02
 -6.6618972e-02
 -2.8647177e-02
  1.6576129e-01
 -1.2778094e-02
  2.2539255e-01
 -1.1434806e-01
 -1.2878752e-01
  5.9461528e-03
  1.1579201e+00
  1.7350052e-02
 -1.5003721e-01
 -1.8399909e-01
  6.6342503e-02
 -5.1754512e-02
 -7.4410534e-01
  9.2818379e-01
  9.7541347e-02
  2.7874665e+00
 -4.6048984e-01
  1.6588334e-02
 -2.0716681e+00
  7.9109108e-01
  6.9406283e-01
 -2.4473200e-02
 -2.1024875e-01
  8.6967748e-01
  1.3794304e+00
  5.1468568e+00
 -2.3510033e-01
  3.8286226e+00
  9.6260786e-01
  1.0932367e+00
  1.0925519e+00
 -2.3273883e-02
  2.8390238e+00
 -2.5706642e+00
  3.1575909e+00
 -2.4867548e-01
  2.5991398e-01
  3.7768803e+00
  7.3734456e-01
 -2.8898481e-02
  8.8719118e-01
 -2.4328082e+00
  3.7988681e-01
  7.8111124e-01
 -5.0006050e-01
  1.0614678e-01
  1.5539515e-01
  9.1916002e-02
  1.1163943e+00
  3.3377782e-01
  4.3832359e-01
  7.7247483e-01
  3.5876364e-01
  5.6174028e-01
  4.3101534e-01
 -2.5802130e-02
  5.1070088e-01
 -1.2771237e+00
 -6.6658580e-03
  3.0079591e-01
 -1.4811392e+00
  6.3909000e-01
 -2.7192423e-01
 -2.2729416e-01
  2.7057847e-01
 -4.7768399e-01
  3.4062275e-01
  1.8129607e+00
  7.6303832e-02
  2.9952578e-02
  4.9498814e-01
 -2.1896435e-01
  2.3492284e-01
  3.8754854e-01
 -1.3412340e-01
 -8.7823480e-01
 -4.4035029e-02
 -6.3949727e-02
  2.0548193e+00
 -8.1704479e-01
 -3.0926857e-02
  1.0697336e+00
 -1.4138175e+00
  4.2816165e-01
 -2.4725536e-01
  2.0809263e-02
  3.5345241e-02
 -1.8929904e+00
 -2.1035509e-02
 -7.1845508e-01
 -3.0620989e-01
 -8.3729291e-01
  4.4668964e-03
  1.1167967e+00
  3.7924850e-01
 -5.3052831e-01
 -4.3783367e-01
 -5.7386041e-02
 -1.1401024e-01
 -7.0256256e-02
 -2.6044617e-03
  4.7906378e-01
  3.7926352e-01
  3.9967224e-02
 -1.4442647e-01
 -3.4872612e-01
  1.1110762e-01
 -2.6750472e-01
 -4.9855333e-02
 -1.5351462e-01
  1.4647038e+00
  6.1463811e-02
  3.9667152e-02
  3.2548293e-01
  3.2265406e-02
  3.7999445e-01
 -1.0683709e-01
  1.7100724e-03
  1.9766410e-01
  1.5322043e-02
  2.6152858e-01
 -1.0178860e-01
  4.7629002e-01
 -5.0286729e-02
  3.4371607e-02
  1.1301941e-01
  6.3468945e-01
  1.6443858e-01
 -1.3498961e+00
  1.0095761e-01
  8.9373710e-03
  3.8765436e-03
  2.0036390e-01
 -3.5493800e-01
 -6.3852167e-01
 -1.0997367e-02
  2.1556396e-02
 -5.6904793e+00
 -2.5126309e+00
  1.3567170e+00
  1.1692562e+00
  1.9546006e+00
 -1.2772176e+00
  1.0910724e+00
  1.4640558e+00
 -1.0409738e+00
 -3.2300496e+00
 -3.9158998e+00
 -2.4727538e+00
 -8.7678254e-02
  1.2596182e+00
 -7.0921934e-01
  6.4986241e-01
  3.8266903e-01
  2.5979033e+00
 -1.9123766e-01
 -7.1159607e-01
  2.8639817e+00
  5.9953022e-01
 -7.0015684e-02
  6.7516923e-01
 -1.1276904e+00
 -2.0040815e-01
  6.5044165e-02
 -1.3225771e-02
 -8.7184772e-02
  1.5295470e-02
 -8.3636697e-03
 -1.3936156e-02
  1.3875674e-01
 -4.7631856e-02
  4.2751855e-03
 -5.7202964e-03
  1.6950104e-02
  1.0115166e-01
  2.8295979e-02
  3.3028726e-03
 -3.5008462e-03
 -1.7404875e-02
 -1.3589562e-02
  2.3914926e-02
 -1.7113589e-02
 -8.1421640e-03
 -1.9434921e-02
  1.4352819e-01
  7.0062399e-02
  1.2672061e-02
 -4.2073645e-02
  3.4494556e-03
 -1.5440887e-01
  2.3772128e-02
 -1.8859010e-02
 -2.5229838e-01
  3.5777035e-01
 -2.6840982e-01
  1.8925634e-01
 -1.8377958e-01
 -1.2998357e+00
 -8.1991246e-03
 -6.3214588e-01
  2.2555761e+00
  1.3296998e+00
 -2.2584850e-02
 -2.1719577e+00
  1.5713052e+00
  1.5984739e-01
 -8.6296374e-01
 -9.3236005e-01
  4.9438754e-01
 -1.7160293e+00
 -1.3230032e+00
 -3.3341413e+00
  5.6332284e-01
  1.1192436e+00
 -1.5772439e+00
 -1.6975557e+00
 -2.2433619e+00
  1.4096773e+00
  1.0394397e+00
  8.1523526e-01
  5.5511677e-01
 -5.3245747e-01
  4.6664160e-01
 -4.2435354e-01
 -4.2098549e-01
  8.4707938e-02
  2.9368913e-01
  9.3738899e-02
 -5.3240140e-03
  9.8817003e-01
 -9.3732303e-01
  3.1477061e-01
  2.7083270e-02
 -6.2742949e-01
 -1.7055780e-01
 -5.9608018e-01
  4.7900164e-01
 -4.4461722e-03
  7.1412963e-01
 -2.1434049e-01
  6.2445897e-01
  1.0320100e+00
  1.6858571e+00
  1.4554224e+00
 -1.0006347e-01
 -1.4922138e+00
  7.3925024e-01
 -2.6282752e+00
 -1.1221817e+00
 -6.4042968e-01
 -1.9721888e-01
 -3.9184856e-01
 -3.2170880e-01
  1.6868095e+00
 -2.4995874e-01
 -9.2545757e-05
 -1.2828086e-01
 -5.9304677e-02
 -1.2402213e-01
  7.7740438e-02
  3.1121736e-02
 -7.3849276e-02
  1.2854457e-01
  2.8580232e-03
 -1.6319276e+00
  1.3213145e+00
 -4.7746796e-02
  9.8089473e-03
  3.8099227e+00
  6.0098778e-02
 -2.6133698e-01
 -7.0489180e-01
  5.8026809e-02
 -4.8529087e-03
  6.7400134e-01
  3.2776326e-02
  8.0709553e-01
 -4.5117223e-01
 -6.4430839e-01
 -9.2163533e-03
 -1.2380918e-01
 -1.7055508e-01
 -4.9454457e-01
  6.3555259e-01
  3.6218631e-01
 -1.3263883e-02
  1.9997627e-01
  4.5117613e-02
 -1.2115740e+00
  1.7464165e-02
  2.7791576e-02
  8.6016130e-01
 -5.0229377e-01
  5.1219504e-02
  2.6387634e-02
  3.2670427e-02
 -2.6381994e-02
  8.8088773e-02
  4.8657101e-01
  1.6753662e-02
 -3.0431062e-01
 -2.0660947e-01
  5.3615886e-01
  1.3971698e-02
 -7.1158582e-01
 -1.9843446e-01
  3.4545701e-02
  8.5396059e-02
 -1.6792549e-01
  6.3104399e-02
  1.1603133e-01
  9.1909742e-01
 -6.0244963e-02
 -1.2412001e+00
 -1.9160368e-01
 -3.3654428e+00
 -1.2783260e+00
 -8.1168085e-01
  6.7911756e-01
 -2.9775093e+00
 -1.8677557e-01
 -1.8399566e-01
 -8.0743647e-01
  3.8736494e+00
 -3.4820415e-02
 -2.8556342e+00
  9.9230897e-01
  2.0932057e+00
 -2.9786539e-01
 -2.4848120e+00
 -6.8525457e-01
 -1.9845226e+00
 -1.0636828e+00
  3.0939760e+00
  3.7396488e-01
  5.4859382e-01
 -1.9606107e+00
  2.2774131e+00
  2.5478220e+00
 -8.2260925e-01
 -1.7594424e-01
 -3.1935179e-01
 -1.0759467e+00
 -3.0446699e+00
 -2.1178772e+00
 -1.3874853e-02
  1.2511487e+00
  2.2840657e+00
 -8.1016529e-01
  1.9378082e+00
  3.3832639e-01
  2.5270471e-01
  1.3780642e+00
  2.2486181e+00
  4.7876948e-01
 -4.7378240e+00
 -7.7717334e-01
 -1.0069727e+00
 -1.0284752e+00
  9.8423195e-01
  1.6153118e-01
  1.0388774e+00
 -7.8335851e-01
 -3.3416951e-01
 -7.4762201e-01
 -2.6838583e-01
 -1.5010536e+00
  9.9306673e-01
 -1.4956545e+00
 -1.3948345e+00
  2.5389028e+00
  1.3889445e+00
  8.3807290e-01
 -2.9524972e+00
 -2.2840030e+00
 -6.6343772e-01
  1.2550701e+00
 -4.3123260e-01
 -1.2436409e+00
  2.0095239e+00
 -2.1195506e-01
 -1.4282260e+00
  1.7557493e+00
  4.4233030e-01
  4.0437475e-01
 -2.9105718e+00
 -6.6367471e-01
  3.7484002e-05
 -7.5545889e-01
  1.8279036e+00
  2.4685771e+00
 -2.9608240e+00
  1.9620210e+00
 -2.1541851e+00
  5.6040788e-01
 -1.7202443e+00
 -2.8788820e-01
  3.7229371e-01
 -2.4296734e+00
 -1.3554149e+00
  2.4818886e-02
 -3.8118129e+00
  3.7638834e-01
 -2.0148513e+00
  1.1991094e+00
 -1.1380928e+00
 -6.2749475e-01
 -2.3143451e-01
 -2.1810608e+00
 -1.3836010e+00
  1.3921992e+00
  1.9040842e+00
 -1.6761015e-01
  1.5174230e+00
 -1.0710746e-01
 -1.2646553e-01
 -1.4606074e+00
 -7.9843926e-01
 -1.0547680e-01
  1.8553973e+00
  4.3356597e-01
  9.6582204e-02
 -1.2380934e+00
 -1.8879943e-01
 -7.1915966e-01
  1.0102931e-01
  2.9041535e-01
 -2.7126920e+00
 -1.8012626e+00
  2.6070196e-02
 -2.5202630e+00
  5.8677870e-01
  1.9145681e+00
  4.9831942e-02
 -2.1170208e+00
 -3.0332534e+00
  2.8600492e+00
  1.1327403e+00
  5.6238264e-01
 -9.9309510e-01
 -2.6769493e+00
  6.0761247e+00
 -1.3621023e+00
  4.1284315e-02
 -8.0297714e-01
 -1.9242522e+00
  6.0802102e-01
  9.4732887e-01
 -1.8404241e+00
  2.8386399e-01
 -3.9203668e-01
  2.9251223e+00
 -1.8834765e+00
 -1.5653918e+00
 -2.5835696e-01
  1.7564279e+00
  8.3576930e-01
 -2.8785763e+00
  2.6227491e+00
  4.0689695e-01
  1.9990657e-01
 -1.5549833e+00
  2.8810057e-01
 -2.2338140e+00
  3.4158558e-02
 -5.9334821e-01
  1.6716981e+00
 -1.4973487e+00
  6.0475373e-01
 -7.6823428e-02
  2.8739209e+00
 -9.1586262e-03
 -2.1549051e+00
 -2.6969371e+00
 -3.1177511e+00
  2.1365163e+00
  1.1839122e+00
  1.0252683e+00
  3.3780358e+00
 -1.1905928e+00
  4.9125463e-01
 -3.0302760e-01
  7.6864231e-01
  4.8495927e-01
  4.6144068e-01
  2.6863250e-01
 -6.7718498e-02
  2.9458740e+00
 -9.7312987e-01
  1.0426559e+00
  1.3048179e+00
 -1.0446005e+00
 -4.2125127e-01
  6.6331881e-01
 -5.0835037e-01
  1.9125204e+00
 -5.0477827e-01
 -5.9612334e-01
 -8.6625797e-01
  8.5719949e-01
 -1.3286952e+00
 -4.6764791e-01
 -3.2633438e+00
 -6.2851996e+00
 -6.3066721e-01
 -1.4460901e+00
  1.9855440e+00
 -1.4859164e+00
  2.4936411e+00
 -2.5147111e+00
 -1.5193144e+00
 -1.4649967e+00
 -1.6727650e+00
  1.5349857e+00
 -1.3326272e-01
  9.2488569e-01
 -2.5405839e-01
  1.6916853e+00
  8.2948381e-01
 -4.5782223e+00
  1.3694819e+00
 -1.1398033e+00
  2.0442037e-01
  1.2809292e+00
  1.8803027e+00
  1.8475173e-01
 -9.3881905e-02
  1.7557248e-01
  4.2876551e-01
 -1.3843998e-01
 -7.0083827e-02
  2.3862920e+00
  9.1853719e-03
  1.5826920e+00
 -3.4874726e-02
  9.2863661e-01
  8.4665334e-01
 -4.4843233e-01
  1.7204393e+00
 -8.5373312e-01
 -6.8299659e-02
 -1.1555111e+00
  8.3055818e-01
 -3.8679726e+00
  2.2340784e+00
 -1.5025132e+00
 -1.2592217e+00
 -2.8673594e+00
  7.6602471e-01
  2.3418443e+00
  5.6214809e-01
 -3.0227737e+00
  1.1748575e-01
 -1.6755302e+00
 -1.2898967e-02
  6.2667561e-01
  2.1635873e+00
 -1.3657299e+00
 -4.4318813e-01
 -2.1560664e+00
 -1.3036244e+00
  1.8006931e-01
 -1.2768420e+00
 -1.1357808e+00
 -7.3887616e-02
 -3.0502756e+00
 -4.5874912e-01
  5.9296018e-01
 -2.5507811e-01
  1.5561330e+00
 -3.0673945e-01
  2.9425659e+00
  1.5765324e-01
 -1.3103945e+00
  2.5314198e+00
 -6.3034996e-02
  4.3505877e-01
 -8.9544183e-01
 -1.0503545e+00
 -2.0658753e+00
  7.5545579e-02
 -8.9504242e-01
 -2.4997549e+00
 -5.5292268e+00
 -2.7176961e-01
  8.8987786e-01
 -5.1193273e-01
  1.6178066e-01
 -7.9669499e-01
  1.6539173e-01
  1.3473023e+00
  7.4383599e-01
 -1.0365920e+00
 -1.3771061e+00
  1.2699538e+00
  1.6597068e+00
 -6.3968921e-01
 -5.7064515e-01
 -5.8105618e-01
 -3.2677486e+00
  1.2610629e+00
 -9.7149110e-01
  6.4622581e-01
  8.5550278e-01
 -1.8632958e+00
  9.7372150e-01
 -1.5881778e+00
 -2.7265925e+00
  2.4161463e+00
 -1.0529810e+00
  1.7904015e-01
  4.4924154e+00
  1.0336069e+00
  3.2366354e+00
 -2.1537766e+00
 -1.2653916e+00
 -8.1312859e-01
 -7.3976398e-01
  2.1017361e+00
  5.3927040e-01
 -1.3254799e-01
 -3.8372996e-01
 -3.3291357e+00
  3.8856800e+00
  1.1043198e+00
 -3.8556557e-02
  1.1565585e+00
  1.3259093e+00
  2.6961052e+00
 -2.1923189e+00
 -7.8464037e-01
 -3.8247063e+00
 -5.8508314e-02
  8.6180449e-01
 -2.9172084e-01
 -2.3951890e+00
 -1.6800153e+00
 -1.4196569e-01
 -1.4243175e-01
  2.2191851e+00
  1.6396990e-02
 -6.5797496e-01
  3.4641629e-01
  7.2503996e-01
  1.1685886e+00
 -6.1036557e-02
 -1.4832494e+00
 -4.8364682e+00
 -4.7391152e+00
 -1.5402408e-01
  3.3985695e-01
  9.5263940e-01
  8.1857651e-01
 -9.0356290e-01
  3.7274370e-01
 -1.2555765e+00
  5.5334449e-01
 -6.4050263e-01
  3.5189369e+00
 -1.7090545e+00
 -2.2775838e-01
 -6.9429654e-01
  2.4997348e-01
  2.6122088e+00
  5.0150120e-01
  2.2211522e-01
 -8.6910620e-02
  1.7880844e+00
  1.3904794e+00
 -2.7089889e+00
 -2.2216098e+00
  2.0630586e+00
  5.9078699e-01
  2.3450857e-01
  2.3450857e-01
  2.3450857e-01
  2.3450857e-01
  2.3450857e-01
  2.7638970e-02
  2.7638970e-02
  2.7638970e-02
  2.7638970e-02
  2.7638970e-02
  3.8501155e-02
  3.8501155e-02
  3.8501155e-02
  3.8501155e-02
  3.8501155e-02
  1.0390630e-02
  1.0390630e-02
  1.0390630e-02
  1.0390630e-02
  1.0390630e-02
  1.6660742e-02
  1.6660742e-02
  1.6660742e-02
  1.6660742e-02
  1.6660742e-02
  2.6824985e-02
  2.6824985e-02
  2.6824985e-02
  2.6824985e-02
  2.6824985e-02
